@4400
15 B3 04 24 35 F0 FE FF A5 01 00 00 10 01 08 16 
24 83 84 45 00 00 25 48 A8 00 02 00 08 14 10 01 
08 16 24 83 84 45 00 00 35 48 10 01 15 53 15 83 
15 53 15 83 15 53 15 83 15 53 15 83 15 53 15 83 
15 53 15 83 15 53 15 83 15 53 15 83 15 53 15 83 
15 53 15 83 15 53 15 83 15 53 15 83 15 53 15 83 
15 53 15 83 15 53 15 83 15 53 15 83 15 53 15 83 
15 53 15 83 15 53 15 83 15 53 15 83 15 53 15 83 
15 53 15 83 15 53 15 83 15 53 15 83 15 53 15 83 
10 01 B2 40 2C 5A 5C 01 FC 3F 10 01 E2 D3 04 02 
E2 D3 02 02 E2 D2 04 02 E2 C2 0A 02 B2 40 2C 5A 
5C 01 F2 C0 06 00 02 02 B0 13 2C 44 B0 13 2C 44 
E2 D3 02 02 B0 13 2C 44 B0 13 2C 44 EF 3F 10 01 
08 16 39 44 39 E0 00 80 09 12 05 89 05 12 35 44 
C0 08 08 16 39 44 05 99 03 20 35 44 28 48 C0 08 
39 E0 00 80 09 12 05 89 05 12 35 44 28 53 C0 08 
08 16 91 53 00 00 32 B0 00 01 04 24 21 52 A8 00 
02 00 C0 08 28 48 C0 08 08 16 81 55 00 00 35 44 
32 B0 00 01 04 24 21 52 A8 00 02 00 00 48 28 48 
00 48 08 16 39 44 39 E0 00 80 09 12 05 89 05 12 
35 44 C0 08 08 16 39 44 05 99 05 20 35 44 28 48 
A8 01 00 00 C0 08 39 E0 00 80 09 12 05 89 05 12 
35 44 A8 00 02 00 C0 08 08 16 91 53 00 00 32 B0 
00 01 04 24 21 52 A8 00 02 00 C0 08 28 48 A8 01 
00 00 C0 08 08 16 81 55 00 00 35 44 32 B0 00 01 
04 24 21 52 A8 00 02 00 C0 08 28 48 A8 01 00 00 
C0 08 35 44 10 01 24 53 10 01 24 53 35 44 10 01 
24 83 84 45 00 00 10 01 24 83 84 45 00 00 15 44 
02 00 10 01 05 93 03 24 24 83 84 45 00 00 10 01 
08 45 25 44 84 48 00 00 10 01 B0 13 D0 45 EC 3F 
28 44 19 44 02 00 84 48 02 00 84 45 00 00 05 49 
10 01 28 44 19 44 02 00 84 45 02 00 84 49 00 00 
05 48 10 01 05 55 05 54 25 45 10 01 04 55 04 55 
08 45 35 44 18 83 05 30 94 44 FC FF FE FF 24 83 
F9 3F 10 01 28 44 24 82 84 45 02 00 84 48 00 00 
10 01 24 82 84 45 02 00 15 44 06 00 18 44 08 00 
84 48 00 00 10 01 28 44 19 44 02 00 1A 44 04 00 
84 4A 00 00 84 45 02 00 84 48 04 00 05 49 10 01 
24 83 84 45 00 00 15 46 0A 00 05 84 05 11 10 01 
24 83 84 45 00 00 15 46 00 00 05 81 05 11 10 01 
24 82 84 45 02 00 94 41 06 00 00 00 15 41 04 00 
10 01 08 16 39 44 09 12 05 12 35 44 C0 08 08 16 
24 82 84 45 02 00 35 41 B4 41 00 00 C0 08 24 83 
84 45 00 00 15 41 04 00 15 51 06 00 10 01 24 83 
84 45 00 00 15 41 08 00 15 51 0A 00 10 01 24 83 
84 45 00 00 15 41 06 00 35 F0 FF 7F 10 01 35 F4 
10 01 35 D4 10 01 35 E4 10 01 35 E3 10 01 35 54 
10 01 15 53 10 01 15 83 10 01 05 55 10 01 05 11 
10 01 10 01 05 55 10 01 15 53 10 01 25 53 10 01 
38 44 08 85 05 48 10 01 08 43 08 85 05 48 10 01 
05 93 FA 33 10 01 15 53 35 F0 FE FF 10 01 08 45 
35 44 08 93 03 24 05 55 18 83 FD 23 10 01 08 45 
35 44 08 93 04 24 12 C3 05 10 18 83 FC 23 10 01 
35 94 02 20 35 43 10 01 05 43 10 01 05 93 02 20 
35 43 10 01 05 43 10 01 35 94 02 34 35 43 10 01 
05 43 10 01 05 93 02 34 35 43 10 01 05 43 10 01 
38 44 08 95 02 34 35 43 10 01 05 43 10 01 03 95 
02 34 35 43 10 01 05 43 10 01 35 84 01 24 35 43 
10 01 05 93 01 24 35 43 10 01 38 44 08 95 01 34 
05 48 10 01 38 44 05 98 01 34 05 48 10 01 38 44 
08 95 05 75 10 01 35 94 05 75 10 01 B0 13 B8 45 
B0 13 10 47 05 12 35 44 B0 13 10 47 24 83 84 45 
00 00 35 41 EC 3F 0A 45 35 44 1A 93 02 20 A5 01 
00 00 2A 93 02 20 A5 02 00 00 3A 90 03 00 02 20 
A5 03 00 00 68 45 A5 01 00 00 65 45 85 10 05 58 
10 01 68 45 15 53 65 45 85 10 05 58 10 01 65 45 
10 01 A5 01 00 00 68 45 A5 01 00 00 65 45 85 10 
05 58 10 01 A5 01 00 00 65 45 10 01 A5 02 00 00 
68 45 A5 01 00 00 65 45 85 10 05 58 10 01 A5 02 
00 00 65 45 10 01 A5 03 00 00 68 45 A5 01 00 00 
65 45 85 10 05 58 10 01 A5 03 00 00 65 45 10 01 
A5 04 00 00 68 45 A5 01 00 00 65 45 85 10 05 58 
10 01 A5 04 00 00 65 45 10 01 15 B3 04 24 35 F0 
FE FF A5 01 00 00 25 45 10 01 15 B3 04 24 35 F0 
FE FF A5 01 00 00 38 44 E5 08 65 45 10 01 15 B3 
04 24 35 F0 FE FF A5 01 00 00 38 44 E5 08 25 45 
10 01 38 44 C5 48 00 00 35 44 10 01 B5 44 00 00 
35 44 10 01 B5 54 00 00 35 44 10 01 24 83 18 45 
02 00 84 48 00 00 25 45 10 01 B5 44 00 00 B5 44 
02 00 35 44 10 01 38 44 C5 D8 00 00 35 44 10 01 
38 44 C5 C8 00 00 35 44 10 01 38 44 C5 E8 00 00 
35 44 10 01 38 44 85 D8 00 00 35 44 10 01 38 44 
85 C8 00 00 35 44 10 01 08 45 38 F0 0F 00 15 43 
08 93 03 24 05 55 18 83 FD 23 10 01 85 10 10 01 
05 93 02 20 35 44 10 01 08 45 35 44 18 B3 04 24 
38 F0 FE FF A8 01 00 00 C0 08 B0 13 0E 44 0A 00 
24 83 84 45 00 00 05 46 35 50 0E 00 AF 3F B0 13 
0E 44 10 00 24 83 84 45 00 00 05 46 35 50 0E 00 
A5 3F B0 13 0E 44 08 00 24 83 84 45 00 00 05 46 
35 50 0E 00 9B 3F B0 13 0E 44 02 00 24 83 84 45 
00 00 05 46 35 50 0E 00 91 3F B0 13 B0 45 80 00 
74 47 38 44 C5 58 00 00 35 44 10 01 24 83 58 45 
01 00 84 48 00 00 65 45 10 01 08 45 85 00 00 00 
35 44 18 B3 04 24 38 F0 FE FF A8 01 00 00 32 D2 
C0 08 32 C2 15 B3 04 24 35 F0 FE FF A5 01 00 00 
25 45 05 93 03 24 B0 13 CA 49 02 3C 35 44 32 D2 
10 01 28 45 35 44 08 93 07 24 18 B3 04 24 38 F0 
FE FF A8 01 00 00 C0 08 10 01 80 00 5C 47 25 53 
10 01 25 83 10 01 38 44 39 44 05 93 05 24 F8 49 
00 00 18 53 15 83 FB 23 35 44 10 01 38 44 39 44 
05 93 08 24 08 55 09 55 18 83 19 83 E8 49 00 00 
15 83 FA 23 35 44 10 01 38 44 39 44 08 93 05 24 
C9 45 00 00 19 53 18 83 FB 23 35 44 10 01 78 45 
24 83 84 45 00 00 05 48 10 01 05 93 09 24 28 44 
08 55 F8 90 20 00 FF FF 03 20 18 83 15 83 F9 23 
10 01 38 44 39 44 3A 44 0B 49 05 99 01 28 0B 45 
0B 93 06 24 FA 98 00 00 04 20 1A 53 1B 83 FA 23 
09 95 02 20 05 43 04 3C 02 28 15 43 01 3C 35 43 
10 01 0A 45 35 44 38 44 39 44 1A 93 02 20 A9 01 
00 00 2A 93 02 20 A9 02 00 00 3A 90 03 00 02 20 
A9 03 00 00 2A 92 02 20 A9 04 00 00 05 93 05 24 
F8 49 00 00 18 53 15 83 FB 23 35 44 10 01 38 44 
89 01 00 00 39 54 05 93 05 24 F8 49 00 00 18 53 
15 83 FB 23 35 44 10 01 38 44 89 02 00 00 39 54 
05 93 05 24 F8 49 00 00 18 53 15 83 FB 23 35 44 
10 01 88 01 00 00 38 54 39 44 3A 44 0B 49 05 99 
01 28 0B 45 0B 93 08 24 6C 48 18 53 CA 9C 00 00 
04 20 1A 53 1B 83 F8 23 09 95 02 20 05 43 04 3C 
02 28 15 43 01 3C 35 43 10 01 88 02 00 00 38 54 
39 44 3A 44 0B 49 05 99 01 28 0B 45 0B 93 08 24 
6C 48 18 53 CA 9C 00 00 04 20 1A 53 1B 83 F8 23 
09 95 02 20 05 43 04 3C 02 28 15 43 01 3C 35 43 
10 01 A5 01 00 00 78 45 24 83 84 45 00 00 05 48 
10 01 A5 02 00 00 78 45 24 83 84 45 00 00 05 48 
10 01 24 83 84 45 00 00 35 01 04 00 08 43 68 45 
28 53 38 F0 FE FF 39 01 04 00 E8 09 71 08 04 00 
10 01 24 83 84 45 00 00 35 01 04 00 08 43 68 45 
28 53 38 F0 FE FF A8 01 00 00 39 01 04 00 E8 09 
71 08 04 00 10 01 B0 13 E2 4B 10 01 B0 13 C2 4B 
10 01 B0 13 C2 4B 2B 3F 05 12 35 44 B0 13 24 46 
B0 13 D0 45 B0 13 B0 45 24 83 84 45 00 00 25 41 
35 54 B0 13 CC 47 05 93 35 44 06 24 24 83 84 45 
00 00 35 41 80 00 3C 4A 24 83 84 45 00 00 35 41 
80 00 26 4A B0 13 0E 44 00 00 80 00 58 4A B0 13 
0E 44 20 00 80 00 58 4A 05 12 35 44 B0 13 D0 45 
24 83 84 45 00 00 25 41 35 54 B0 13 D0 45 24 83 
84 45 00 00 35 41 80 00 10 47 B0 13 92 46 B0 13 
24 46 B0 13 B0 45 24 83 84 45 00 00 25 41 B0 13 
BE 47 B0 13 1A 4A 05 93 35 44 1F 24 B0 13 B8 45 
24 83 84 45 00 00 25 41 B0 13 80 46 B0 13 92 4A 
05 93 35 44 06 24 B0 13 0E 44 01 00 B0 13 68 4C 
E0 3F B0 13 46 46 24 53 35 44 B0 13 9E 46 24 53 
35 44 B0 13 0E 44 FF FF 10 01 24 53 35 44 B0 13 
9E 46 24 53 35 44 B0 13 0E 44 00 00 10 01 05 12 
35 44 B0 13 B0 45 05 93 35 44 17 24 B0 13 B8 45 
65 45 24 83 84 45 00 00 25 41 B0 13 50 47 B0 13 
B8 45 B0 13 8E 47 35 F4 05 93 35 44 06 24 B0 13 
0E 44 01 00 B0 13 68 4C E9 3F 24 83 84 45 00 00 
35 41 35 44 10 01 05 12 35 44 B0 13 B0 45 05 93 
35 44 17 24 B0 13 B8 45 65 45 24 83 84 45 00 00 
25 41 B0 13 9A 47 B0 13 B8 45 B0 13 8E 47 35 F4 
05 93 35 44 06 24 B0 13 0E 44 01 00 B0 13 68 4C 
E9 3F 24 83 84 45 00 00 35 41 35 44 10 01 04 12 
16 12 0C 00 86 41 0C 00 08 45 35 44 18 B3 04 24 
38 F0 FE FF A8 01 00 00 48 13 B6 41 0C 00 21 53 
24 83 84 45 00 00 05 43 10 01 05 93 09 24 86 93 
0C 00 06 24 11 46 0C 00 B6 41 0C 00 34 41 10 01 
35 44 10 01 08 16 01 46 14 46 0A 00 24 53 05 43 
86 43 0C 00 C0 08 18 44 06 00 19 44 08 00 94 44 
02 00 06 00 94 44 04 00 08 00 84 45 02 00 A4 44 
04 00 05 48 84 49 00 00 10 01 08 43 09 43 28 84 
09 75 05 49 84 48 00 00 10 01 B4 54 02 00 35 64 
10 01 B4 84 02 00 84 75 00 00 35 44 10 01 B4 84 
02 00 84 75 00 00 05 43 01 34 35 43 24 52 10 01 
B4 84 02 00 84 75 00 00 05 75 24 52 10 01 94 54 
00 00 00 00 05 65 10 01 05 11 14 10 00 00 10 01 
35 D4 80 00 5C 47 24 53 80 00 74 47 B0 13 22 4E 
F7 3F B0 13 B0 45 B0 13 74 47 05 93 35 44 02 24 
B0 13 0A 4E 10 01 35 44 10 01 B0 13 AA 49 C5 3F 
B0 13 32 46 B0 13 32 46 B0 13 2E 4E B0 13 1A 4A 
05 93 35 44 02 24 B0 13 46 46 24 53 35 44 10 01 
B0 13 32 46 B0 13 32 46 B0 13 2E 4E 05 93 35 44 
02 24 B0 13 46 46 24 53 35 44 10 01 A2 44 C0 04 
82 45 C8 04 94 42 CA 04 00 00 15 42 CC 04 10 01 
A2 44 C2 04 82 45 C8 04 94 42 CA 04 00 00 15 42 
CC 04 10 01 B2 44 C2 04 82 45 C8 04 15 42 CA 04 
10 01 05 93 03 20 35 40 F6 FF 57 3F 38 44 29 44 
0A 43 3B 40 11 00 08 95 01 28 08 85 0A 6A 1B 83 
06 24 09 59 08 68 F7 2B 08 85 12 D3 F7 3F 84 48 
00 00 05 4A 10 01 B0 13 B0 45 B0 13 32 46 35 E4 
B0 13 B0 45 05 12 35 44 35 E4 05 12 35 44 05 12 
35 44 B0 13 20 47 B0 13 D0 45 B0 13 20 47 B0 13 
CC 4E 24 83 84 45 00 00 35 41 B0 13 20 47 B0 13 
02 4F 24 83 84 45 00 00 35 41 B0 13 74 47 05 93 
35 44 02 24 B0 13 18 47 24 83 84 45 00 00 35 41 
B0 13 74 47 05 93 35 44 06 24 B0 13 D0 45 B0 13 
18 47 B0 13 D0 45 10 01 B0 13 36 4F 24 53 10 01 
B0 13 B8 45 05 12 35 44 B0 13 24 46 35 E4 05 12 
35 44 05 12 35 44 B0 13 20 47 B0 13 0E 44 00 00 
24 83 84 45 00 00 35 41 B0 13 20 47 B0 13 02 4F 
24 83 84 45 00 00 35 41 B0 13 74 47 05 93 35 44 
02 24 B0 13 18 47 24 83 84 45 00 00 35 41 B0 13 
74 47 05 93 35 44 06 24 B0 13 D0 45 B0 13 18 47 
B0 13 D0 45 10 01 B0 13 B0 4F 24 53 10 01 B0 13 
B0 4F 35 44 10 01 B0 13 B0 45 05 12 35 44 B0 13 
D0 45 05 12 35 44 B0 13 CC 4E 24 83 84 45 00 00 
35 41 24 83 84 45 00 00 35 41 B0 13 CC 4E 05 12 
35 44 B0 13 0E 44 00 00 B0 13 D0 45 B0 13 0E 44 
00 00 B0 13 1A 4E 24 83 84 45 00 00 35 41 35 54 
10 01 B0 13 B0 45 05 12 35 44 B0 13 02 4F 24 83 
84 45 00 00 35 41 B0 13 D0 45 05 12 35 44 B0 13 
02 4F B0 13 D0 45 35 44 24 83 84 45 00 00 35 41 
10 01 05 12 35 44 B0 13 26 50 24 83 84 45 00 00 
35 41 DF 3F B0 13 B0 45 B0 13 32 46 35 E4 05 12 
35 44 35 44 05 12 35 44 05 12 35 44 B0 13 72 4E 
24 83 84 45 00 00 35 41 B0 13 20 47 B0 13 26 50 
24 83 84 45 00 00 35 41 B0 13 72 50 24 83 84 45 
00 00 35 41 B0 13 74 47 05 93 35 44 02 24 B0 13 
0A 4E 10 01 18 46 22 00 08 93 01 24 48 13 10 01 
18 46 24 00 08 93 01 24 48 13 10 01 05 93 06 24 
18 46 26 00 08 93 01 24 48 13 10 01 24 53 10 01 
05 93 06 24 18 46 28 00 08 93 01 24 48 13 10 01 
24 53 35 44 10 01 05 93 10 24 B0 13 B0 45 24 83 
84 45 00 00 05 46 35 50 2C 00 B0 13 D4 48 18 46 
18 00 08 93 01 24 48 13 10 01 24 53 35 44 10 01 
B0 13 0E 44 01 00 24 83 84 45 00 00 05 46 35 50 
2C 00 B0 13 D4 48 18 46 16 00 08 93 01 24 48 13 
10 01 B0 13 0E 44 01 00 24 83 84 45 00 00 05 46 
35 50 2E 00 B0 13 D4 48 18 46 1A 00 08 93 01 24 
48 13 86 43 2C 00 10 01 18 46 1C 00 08 93 01 24 
48 13 86 43 2C 00 86 43 2E 00 10 01 B0 13 24 46 
18 46 1E 00 08 93 01 24 48 13 86 45 2E 00 35 44 
86 45 2C 00 35 44 10 01 18 46 20 00 08 93 01 24 
48 13 10 01 24 83 84 45 00 00 05 46 35 50 2C 00 
68 45 15 53 65 45 85 10 05 58 24 83 84 45 00 00 
05 46 35 50 2E 00 68 45 15 53 65 45 85 10 05 58 
10 01 B0 13 0E 44 FF FF 80 00 BA 4D B0 13 C2 4B 
B0 13 D0 45 05 93 35 44 0A 24 B0 13 92 51 B0 13 
6E 4A B0 13 46 51 B0 13 92 51 B0 13 22 52 35 44 
10 01 B0 13 0E 44 20 00 8B 3F B0 13 0E 44 00 00 
B0 13 B4 47 B0 13 0E 44 00 00 B0 13 E2 44 80 52 
B0 13 0E 44 20 00 B0 13 70 51 B0 13 00 45 70 52 
10 01 24 83 84 45 00 00 05 46 35 50 10 00 68 45 
15 53 65 45 85 10 05 58 10 01 B0 13 82 52 35 50 
44 00 10 01 B0 13 C2 4B B0 13 6E 4A 4C 3F 05 12 
B0 13 0E 44 FC 26 B0 13 D0 45 B0 13 0E 44 01 00 
B0 13 C2 4A B0 13 0E 44 FC 26 24 83 84 45 00 00 
35 41 39 3F 05 12 B0 13 0E 44 FC 26 B0 13 D0 45 
B0 13 0E 44 02 00 B0 13 C2 4A B0 13 0E 44 FC 26 
24 83 84 45 00 00 35 41 26 3F B0 13 9A 52 82 45 
FC 27 35 44 10 01 24 83 84 45 00 00 15 42 FC 27 
15 83 82 45 FC 27 80 00 C2 48 38 40 09 00 08 95 
02 34 35 50 07 00 35 50 30 00 10 01 05 93 28 24 
B0 13 0E 44 00 00 24 83 84 45 00 00 05 46 35 50 
0E 00 68 45 15 53 65 45 85 10 05 58 B0 13 02 4F 
B0 13 F2 45 24 83 84 45 00 00 05 46 35 50 0E 00 
68 45 15 53 65 45 85 10 05 58 B0 13 02 4F B0 13 
D0 45 B0 13 1A 53 B0 13 06 53 B0 13 D0 45 16 3C 
24 83 84 45 00 00 05 46 35 50 0E 00 68 45 15 53 
65 45 85 10 05 58 B0 13 02 4F B0 13 D0 45 B0 13 
1A 53 B0 13 06 53 B0 13 0E 44 00 00 10 01 B0 13 
2C 53 B0 13 24 46 35 D4 05 93 35 44 F8 23 10 01 
B0 13 74 47 05 93 35 44 05 24 B0 13 0E 44 2D 00 
B0 13 06 53 10 01 24 53 35 40 FC 27 68 45 15 53 
65 45 85 10 05 58 B0 13 9A 52 25 84 10 01 B0 13 
B0 45 B0 13 20 47 B0 13 0E 44 00 00 B0 13 FA 52 
B0 13 AE 53 B0 13 E0 45 B0 13 C0 53 E4 3F B0 13 
0E 44 00 00 B0 13 FA 52 B0 13 AE 53 DC 3F B0 13 
EE 53 B0 13 46 51 15 3F B0 13 D0 45 B0 13 EE 53 
B0 13 E0 45 25 84 B0 13 5A 52 80 00 46 51 B0 13 
0E 54 B0 13 46 51 05 3F B0 13 D0 45 B0 13 0E 54 
B0 13 E0 45 25 84 B0 13 5A 52 80 00 46 51 05 12 
B0 13 72 4E B0 13 FA 52 B0 13 AE 53 24 83 84 45 
00 00 35 41 B0 13 C0 53 AE 3F B0 13 5E 54 B0 13 
46 51 80 00 52 52 05 12 35 44 B0 13 5E 54 24 83 
84 45 00 00 35 41 25 84 B0 13 5A 52 80 00 46 51 
05 93 60 24 92 53 FE 27 B0 13 B8 45 65 45 35 80 
30 00 B0 13 B0 45 B0 13 0E 44 0A 00 B0 13 0E 44 
10 00 B0 13 CC 47 35 D4 B0 13 B0 45 B0 13 0E 44 
10 00 B0 13 68 47 35 F0 07 00 B0 13 10 47 B0 13 
B0 45 B0 13 0E 44 00 00 24 83 84 45 00 00 05 46 
35 50 0E 00 68 45 15 53 65 45 85 10 05 58 B0 13 
CC 47 05 93 35 44 2D 24 24 12 24 53 B0 13 46 46 
24 83 84 45 00 00 05 46 35 50 0E 00 68 45 15 53 
65 45 85 10 05 58 B0 13 F4 4E B0 13 D0 45 24 83 
84 45 00 00 05 46 35 50 0E 00 68 45 15 53 65 45 
85 10 05 58 B0 13 CC 4E B0 13 1A 4E B0 13 E0 45 
15 53 24 83 84 45 00 00 35 41 15 83 05 93 A2 23 
10 01 35 44 10 01 B0 13 D0 45 15 53 B0 13 D0 45 
15 83 10 01 B2 40 00 FC FE 27 B0 13 B8 45 65 45 
B0 13 0E 44 2D 00 B0 13 50 47 82 45 00 28 05 93 
35 44 02 24 B0 13 66 55 15 93 03 34 24 53 05 43 
10 01 B0 13 0E 44 00 00 B0 13 0E 44 00 00 B0 13 
46 46 B0 13 A0 54 05 93 22 24 B0 13 B8 45 65 45 
B0 13 B0 45 B0 13 0E 44 2B 00 B0 13 0E 44 30 00 
B0 13 CC 47 B0 13 D0 45 B0 13 0E 44 3A 00 B0 13 
50 47 35 D4 05 93 35 44 05 24 B0 13 66 55 82 43 
FE 27 DF 3F 24 53 35 44 24 53 05 43 10 01 24 53 
35 40 00 28 85 93 00 00 35 44 02 24 B0 13 0A 4E 
B0 13 0E 44 02 00 24 83 84 45 00 00 15 42 FE 27 
B0 13 74 47 05 93 35 44 06 24 B0 13 D0 45 82 45 
00 28 35 44 15 83 10 01 B0 13 74 55 05 93 35 44 
05 20 B0 13 0E 44 E8 FF B0 13 BA 4D 10 01 24 83 
84 45 00 00 05 16 25 45 68 45 15 53 65 45 85 10 
05 58 10 01 24 83 84 45 00 00 05 16 25 45 80 00 
E2 49 36 41 26 83 B6 40 80 00 00 00 14 46 06 00 
38 44 38 F0 00 F0 48 0E 35 44 E5 08 11 46 08 00 
10 01 24 83 84 45 00 00 24 83 45 0F 35 F0 00 F0 
84 45 00 00 85 00 00 00 35 40 72 56 86 44 06 00 
86 41 08 00 30 06 02 00 B6 40 45 13 00 00 E9 3F 
26 95 05 24 85 93 00 00 04 20 85 46 00 00 35 44 
10 01 B0 13 B8 56 F4 3F B0 13 B8 56 F1 3F 26 95 
02 20 85 43 00 00 35 44 10 01 08 46 26 45 B6 40 
45 13 00 00 96 46 0A 00 06 00 B6 41 FC FF B6 41 
FE FF 86 46 08 00 A6 83 06 00 A6 83 06 00 A6 83 
08 00 A6 83 08 00 06 48 35 44 10 01 24 83 84 45 
00 00 05 46 B0 13 10 47 B0 13 D0 45 68 45 15 53 
65 45 85 10 05 58 35 54 10 01 B0 13 92 56 FD 3F 
10 01 B0 13 EA 56 F9 3F 05 12 35 44 24 83 84 45 
00 00 05 46 24 83 84 45 00 00 25 41 68 45 15 53 
65 45 85 10 05 58 B0 13 0E 44 06 00 B0 13 26 4A 
B0 13 0E 44 00 00 24 83 84 45 00 00 25 41 68 45 
15 53 65 45 85 10 05 58 24 83 84 45 00 00 05 46 
25 53 B0 13 EA 48 24 83 84 45 00 00 25 41 15 45 
02 00 24 83 84 45 00 00 25 41 24 83 84 45 00 00 
05 46 35 50 0A 00 B0 13 1C 57 B0 13 CC 48 24 83 
84 45 00 00 35 41 BD 3F 05 12 35 44 24 83 84 45 
00 00 05 46 24 83 84 45 00 00 25 41 68 45 15 53 
65 45 85 10 05 58 B0 13 0E 44 40 00 B0 13 18 4C 
24 83 84 45 00 00 25 41 B0 13 48 57 24 83 84 45 
00 00 25 41 25 53 15 45 02 00 B0 13 B0 45 24 83 
84 45 00 00 35 41 24 83 84 45 00 00 05 46 35 50 
10 00 B0 13 1C 57 80 00 EA 48 68 45 15 53 65 45 
85 10 05 58 80 00 1E 54 B0 13 92 51 B0 13 60 46 
B0 13 C4 45 05 93 35 44 20 24 B0 13 B0 45 B0 13 
74 47 B0 13 2C 52 0B 53 74 61 63 6B 20 65 6D 70 
74 79 B0 13 0E 44 00 00 B0 13 D0 45 15 83 B0 13 
D0 44 B0 13 AE 46 B0 13 04 46 B0 13 1E 54 B0 13 
0E 44 FF FF B0 13 18 45 72 58 B0 13 12 4C 06 3C 
2D 54 6F 70 20 FF 80 00 46 51 24 83 84 45 00 00 
05 46 35 50 0E 00 25 12 35 44 B0 13 6E 49 B0 13 
0E 44 00 00 B0 13 FA 52 B0 13 D0 45 15 83 B0 13 
0E 44 00 00 B0 13 E2 44 D4 58 B0 13 2C 53 B0 13 
00 45 CA 58 B0 13 AE 53 B0 13 D6 53 B0 13 46 51 
B0 13 52 52 24 83 84 45 00 00 35 41 86 45 0E 00 
35 44 10 01 25 52 15 B3 04 24 35 F0 FE FF A5 01 
00 00 25 45 10 01 00 13 30 40 06 59 30 40 06 59 
30 40 06 59 30 40 06 59 30 40 06 59 30 40 E4 5B 
30 40 06 59 30 40 06 59 30 40 06 59 30 40 06 59 
30 40 06 59 30 40 06 59 30 40 06 59 30 40 06 59 
30 40 06 59 35 80 E0 FF 05 55 35 50 04 28 80 00 
CC 48 38 40 08 59 39 40 02 28 3A 40 1E 00 B9 48 
00 00 29 53 1A 83 FB 23 32 D2 10 01 B0 13 20 44 
00 24 06 93 02 20 12 D2 00 24 06 43 80 00 BC 26 
82 93 3E 28 02 24 35 44 04 3C B0 13 6C 59 B0 13 
CC 48 10 01 32 C2 86 43 06 00 43 43 35 44 32 D2 
10 01 39 40 40 28 78 49 08 93 08 24 C2 43 40 28 
24 83 84 45 00 00 35 40 FB 00 EC 3F 10 01 B0 13 
A2 59 B0 13 0E 44 FE 00 E5 3F B0 13 D4 4D B0 13 
92 56 86 45 0E 00 35 44 B0 13 8E 4D 24 83 84 45 
00 00 05 46 35 50 0E 00 68 45 15 53 65 45 85 10 
05 58 B0 13 D0 45 B0 13 BE 59 E9 3F 10 01 C8 01 
A8 00 02 00 08 14 92 41 00 00 50 28 92 41 02 00 
52 28 21 52 10 01 B0 13 FE 59 B0 13 0E 44 00 00 
24 83 84 45 00 00 05 46 35 50 0E 00 68 45 15 53 
65 45 85 10 05 58 B0 13 D0 45 B0 13 BE 59 B0 13 
92 56 86 45 0E 00 35 44 B0 13 8E 4D E9 3F 10 01 
18 42 50 28 18 D2 52 28 08 93 0B 24 18 46 0C 00 
A6 48 0C 00 28 00 50 28 C8 01 82 43 50 28 82 43 
52 28 10 01 B0 13 64 56 02 24 24 83 84 45 00 00 
55 42 40 28 35 90 0F 00 35 44 02 20 B0 13 A2 59 
B0 13 0E 44 40 28 B0 13 6E 4A 35 54 B0 13 C2 48 
D2 53 40 28 10 01 08 45 39 44 35 40 FB 00 72 3F 
B0 13 B0 45 24 83 84 45 00 00 55 42 40 28 35 54 
35 90 0F 00 35 44 16 34 05 12 35 44 B0 13 0E 44 
40 28 B0 13 6E 4A 35 54 24 83 84 45 00 00 25 41 
B0 13 26 4A 24 83 84 45 00 00 35 41 C2 55 40 28 
35 44 10 01 B0 13 A2 59 35 90 0F 00 0A 34 C2 45 
40 28 35 44 B0 13 0E 44 40 28 B0 13 6E 4A 80 00 
26 4A C9 3F B0 13 B8 56 B0 13 A2 59 B0 13 0E 44 
FA 00 38 3F B0 13 A2 59 B0 13 0E 44 F9 00 32 3F 
08 45 39 44 35 40 F8 00 2D 3F B0 13 A2 59 F8 3F 
B0 13 A2 59 B0 13 0E 44 00 00 B0 13 0E 44 F7 00 
B0 13 94 59 80 00 92 56 B0 13 A2 59 B0 13 0E 44 
00 00 B0 13 0E 44 F6 00 15 3F 08 45 29 44 35 40 
F4 00 10 3F B0 13 A2 59 B0 13 6A 5B 80 00 92 56 
08 45 35 40 F5 00 06 3F B6 40 7A 5A 16 00 B6 40 
B0 5A 18 00 B6 40 14 5B 1A 00 B6 40 24 5B 1C 00 
B6 40 3A 5B 1E 00 B6 40 F4 51 20 00 B6 40 40 5B 
22 00 B6 40 58 5B 24 00 B6 40 74 5B 26 00 10 01 
82 93 3E 28 0D 24 B0 13 0E 44 00 00 B0 13 6C 59 
B0 13 CC 48 B0 13 88 5B C2 43 40 28 B0 13 CA 59 
80 00 92 56 B2 50 00 FA 56 28 82 63 54 28 B2 50 
40 00 5C 28 82 63 5A 28 82 63 58 28 00 13 24 83 
84 45 00 00 15 42 54 28 10 01 24 82 84 45 02 00 
32 C2 94 42 5A 28 00 00 15 42 58 28 32 D2 10 01 
32 C2 82 45 58 28 B2 44 5A 28 32 D2 35 44 10 01 
B0 13 0E 44 80 51 B0 13 0E 44 01 00 10 01 B0 13 
0A 5C B0 13 24 46 B0 13 30 5C B0 13 40 4E 05 93 
35 44 0B 20 B0 13 30 5C B0 13 22 4E B0 13 24 46 
B0 13 20 5C 92 53 5E 28 EC 3F 24 83 84 45 00 00 
15 42 5E 28 10 01 82 45 5E 28 35 44 D1 3F 82 43 
40 03 82 43 50 03 B2 40 20 00 52 03 B2 40 10 00 
42 03 B2 40 10 01 40 03 10 01 82 93 60 28 01 20 
10 01 34 80 06 00 84 45 04 00 84 41 02 00 A4 41 
00 00 35 40 5A 5A 80 00 16 5A B2 43 60 28 10 01 
82 43 60 28 10 01 25 54 B0 13 B8 45 B0 13 92 46 
B0 13 04 51 35 90 0D 00 07 20 35 44 B0 13 9E 46 
24 53 80 00 10 47 63 3C 35 92 1D 20 35 44 15 83 
B0 13 B0 45 B0 13 80 46 B0 13 CC 47 05 93 35 44 
02 24 15 53 0F 3C B0 13 0E 44 08 00 B0 13 70 51 
B0 13 0E 44 20 00 B0 13 70 51 B0 13 0E 44 08 00 
B0 13 70 51 44 3C 35 90 7F 00 1D 20 35 44 15 83 
B0 13 B0 45 B0 13 80 46 B0 13 CC 47 05 93 35 44 
02 24 15 53 0F 3C B0 13 0E 44 08 00 B0 13 70 51 
B0 13 0E 44 20 00 B0 13 70 51 B0 13 0E 44 08 00 
B0 13 70 51 24 3C B0 13 B8 45 B0 13 80 46 B0 13 
CC 47 05 93 35 44 0F 24 B0 13 0E 44 08 00 B0 13 
70 51 B0 13 B0 45 B0 13 70 51 B0 13 B8 45 15 83 
B0 13 C2 48 09 3C B0 13 B0 45 B0 13 70 51 08 45 
35 44 C5 48 00 00 15 53 B0 13 B0 45 35 44 90 3F 
10 01 25 54 B0 13 D0 45 B0 13 D0 44 B0 13 04 51 
B0 13 AE 46 B0 13 C2 48 B0 13 00 45 BC 5D 10 01 
92 92 54 28 62 28 01 30 0D 3C 06 12 16 42 64 28 
B6 40 45 13 00 00 36 41 B2 40 E4 5B 18 28 B1 C0 
F0 00 00 00 80 00 E4 5B B0 13 0E 44 64 28 B0 13 
D8 56 B0 13 FE 5B 35 54 82 45 62 28 35 44 B0 13 
0E 44 D0 5D B0 13 0E 44 EA FF B0 13 44 59 B0 13 
92 56 B0 13 0E 44 64 28 80 00 DE 56 92 D3 02 02 
10 01 92 C3 02 02 10 01 92 D3 04 02 92 C3 02 02 
10 01 B0 13 20 44 04 24 B0 13 0E 44 B0 04 B0 13 
D0 45 B0 13 16 50 B0 13 42 5E 80 00 CC 48 B0 13 
42 5E 68 45 15 53 65 45 85 10 05 58 B0 13 F4 4E 
C3 3F B0 13 2C 5E B0 13 0E 44 01 00 B0 13 5E 5E 
B0 13 32 5E B0 13 0E 44 01 00 E9 3F B0 13 2C 5E 
B0 13 0E 44 03 00 B0 13 5E 5E B0 13 32 5E B0 13 
0E 44 01 00 DC 3F B0 13 72 5E B0 13 72 5E B0 13 
72 5E B0 13 0E 44 02 00 D2 3F B0 13 8C 5E B0 13 
8C 5E B0 13 8C 5E B0 13 0E 44 02 00 C8 3F B0 13 
A6 5E B0 13 BA 5E B0 13 A6 5E B0 13 0E 44 04 00 
BE 3F B0 13 20 44 06 24 B0 13 38 5E B0 13 E2 5E 
B0 13 EA 56 B0 13 CE 5E FD 3F 10 01 B0 13 12 4C 
25 53 77 69 66 74 58 2F 4D 53 50 34 33 30 20 4C 
61 75 6E 63 68 50 61 64 2D 46 35 35 32 39 20 53 
2E 4F 2E 53 2E 20 80 00 46 51 82 43 64 28 B0 13 
E2 5E B0 13 48 57 B0 13 E8 5E B0 13 B8 56 80 00 
C0 5B D0 00 22 52 78 00 36 29 C6 28 F0 CB B0 13 
0E 44 42 5F B0 13 0E 44 00 24 B0 13 0E 44 0A 00 
80 00 26 4A B0 13 20 44 6A 5F BC 26 80 00 72 59 
00 00 72 5F 6C 5F 4C 26 00 00 0A 00 00 25 00 25 
00 00 B0 13 64 5F 25 53 24 83 84 45 00 00 05 46 
B0 13 B0 45 B0 13 0E 44 40 00 B0 13 54 4C B0 13 
0E 44 16 00 B0 13 26 4A B0 13 4E 5F B0 13 7E 5C 
B0 13 52 59 B0 13 C0 5C B8 3F 82 43 3E 28 3E 90 
AA AA 03 20 0E 43 92 83 3E 28 B2 40 80 5A 5C 01 
02 43 34 40 4C 26 05 43 36 40 BC 26 01 46 D1 3F 
@FFE0
02 28 06 28 0A 28 0E 28 12 28 16 28 1A 28 1E 28 
22 28 26 28 2A 28 2E 28 32 28 36 28 3A 28 BA 5F 
q